❯ powerstat -d 30 -c -H 1 480
Running for 480.0 seconds (480 samples at 1.0 second intervals).
Power measurements will start in 30 seconds time.

  Time    User  Nice   Sys  Idle    IO  Run Ctxt/s  IRQ/s  Watts               
17:34:12   0.1   0.0   0.2  99.7   0.0    2    382    404   2.97 
17:34:13   0.1   0.0   0.1  99.8   0.0    1    306    311   2.97 
17:34:14   0.1   0.0   0.1  99.8   0.0    1    368    385   2.97 
17:34:15   0.1   0.0   0.1  99.8   0.0    1    264    295   2.96 
17:34:16   0.1   0.0   0.0  99.9   0.0    1    240    269   2.95 
17:34:17   0.2   0.0   0.1  99.7   0.0    1    373    366   2.94 
17:34:18   0.1   0.0   0.0  99.9   0.0    1    304    370   2.94 
17:34:19   0.0   0.0   0.1  99.9   0.0    1    271    298   2.94 
17:34:20   0.1   0.0   0.1  99.8   0.0    1    261    292   2.94 
17:34:21   0.1   0.0   0.1  99.8   0.0    1    252    264   2.92 
17:34:22   0.1   0.0   0.0  99.9   0.0    1    281    338   2.92 
17:34:23   0.0   0.0   0.1  99.9   0.0    1    269    276   2.92 
17:34:24   0.1   0.0   0.0  99.9   0.0    1    259    285   2.92 
17:34:25   0.0   0.0   0.1  99.9   0.0    1    250    272   2.91 
17:34:26   0.1   0.0   0.1  99.8   0.0    1    269    308   2.91 
17:34:27   0.1   0.0   0.1  99.8   0.0    1    259    272   2.91 
17:34:28   0.3   0.0   0.4  99.2   0.0    3   1505   3110   2.91 
17:34:29   0.8   0.0   0.8  98.5   0.0    2   3091   7364   3.02 
17:34:30   0.7   0.0   0.8  98.6   0.0    6   3177   7146   3.16 
17:34:31   0.7   0.0   0.7  98.6   0.0    1   3171   7191   3.16 
17:34:32   0.7   0.0   0.8  98.6   0.0    3   3132   7034   3.39 
17:34:33   0.8   0.0   0.8  98.5   0.0    2   3212   7056   3.49 
17:34:34   0.8   0.0   0.8  98.4   0.0    1   3157   6875   3.58 
17:34:35   0.7   0.0   0.7  98.6   0.0    1   3180   7100   3.58 
17:34:36   0.8   0.0   0.8  98.4   0.0    3   3035   6830   3.75 
17:34:37   0.7   0.0   0.9  98.4   0.0    2   3151   6926   3.81 
17:34:38   0.8   0.0   0.8  98.5   0.0    2   3214   7168   3.87 
17:34:39   0.9   0.0   0.8  98.2   0.0    2   3187   7285   3.93 
17:34:40   0.9   0.0   0.9  98.2   0.0    1   3078   7054   3.99 
17:34:41   0.7   0.0   0.8  98.6   0.0    1   3142   6911   4.04 
17:34:42   0.8   0.0   0.8  98.3   0.0    1   3334   7453   4.04 
17:34:43   0.9   0.0   0.8  98.2   0.0    3   3109   7014   4.13 
17:34:44   0.8   0.0   0.7  98.5   0.0    1   3191   7083   4.16 
17:34:45   0.8   0.0   0.8  98.5   0.0    2   3184   7045   4.20 
17:34:46   0.9   0.0   0.8  98.3   0.0    1   3149   7139   4.23 
17:34:47   0.9   0.0   0.7  98.4   0.0    3   3171   7087   4.23 
17:34:48   0.8   0.0   0.8  98.5   0.0    4   3170   6926   4.29 
17:34:49   0.8   0.0   0.8  98.4   0.0    1   3181   7055   4.31 
17:34:50   0.7   0.0   0.8  98.5   0.0    1   3250   7067   4.34 
17:34:51   0.8   0.0   0.8  98.4   0.0    3   3020   6853   4.34 
17:34:52   0.7   0.0   0.9  98.4   0.0    4   3142   7088   4.38 
17:34:53   0.8   0.0   0.8  98.3   0.0    2   3159   6974   4.40 
17:34:54   0.8   0.0   0.8  98.4   0.0    1   3205   7168   4.43 
17:34:55   0.7   0.0   0.8  98.6   0.0    1   3244   7204   4.45 
17:34:56   0.8   0.0   0.8  98.4   0.0    1   3106   6878   4.49 
17:34:57   0.8   0.0   0.7  98.5   0.0    1   3110   7093   4.49 
17:34:58   0.7   0.0   0.9  98.4   0.0    1   3297   7407   4.50 
17:34:59   0.8   0.0   0.8  98.4   0.0    1   3291   7156   4.52 
  Time    User  Nice   Sys  Idle    IO  Run Ctxt/s  IRQ/s  Watts
17:35:00   0.8   0.0   0.8  98.5   0.0    1   3286   7339   4.52 
17:35:01   0.9   0.0   0.8  98.1   0.1    2   3215   6978   4.57 
17:35:02   0.7   0.0   0.9  98.4   0.0    1   3103   6813   4.61 
17:35:03   0.1   0.0   0.1  99.8   0.0    1    351    353   4.54 
17:35:04   0.1   0.0   0.0  99.9   0.0    1    261    282   4.42 
17:35:05   0.1   0.0   0.1  99.8   0.0    1    271    278   4.32 
17:35:06   0.0   0.0   0.1  99.9   0.0    1    281    356   4.21 
17:35:07   0.1   0.0   0.0  99.9   0.0    1    266    279   4.12 
17:35:08   0.1   0.0   0.2  99.7   0.0    1    298    350   4.03 
17:35:09   0.1   0.0   0.0  99.9   0.0    1    270    302   3.95 
17:35:10   0.1   0.0   0.1  99.8   0.0    1    307    327   3.88 
17:35:11   0.0   0.0   0.0 100.0   0.0    1    253    289   3.80 
17:35:12   0.3   0.0   0.1  99.7   0.0    1    323    340   3.73 
17:35:13   0.1   0.0   0.0  99.9   0.0    1    269    290   3.67 
17:35:14   0.1   0.0   0.2  99.8   0.0    1    288    327   3.61 
17:35:15   0.1   0.0   0.1  99.8   0.0    1    253    287   3.56 
17:35:16   0.0   0.0   0.0 100.0   0.0    1    271    285   3.50 
17:35:17   0.1   0.0   0.1  99.8   0.0    1    262    295   3.46 
17:35:18   0.1   0.0   0.0  99.9   0.0    1    276    305   3.41 
17:35:19   0.1   0.0   0.1  99.6   0.3    1   1016    619   3.45 
17:35:20   0.1   0.0   0.1  99.8   0.0    1    263    316   3.42 
17:35:21   0.1   0.0   0.0  99.9   0.0    1    269    266   3.38 
17:35:22   0.1   0.0   0.1  99.8   0.0    1    275    292   3.33 
17:35:23   0.0   0.0   0.1  99.9   0.0    1    263    267   3.30 
17:35:24   0.1   0.0   0.0  99.9   0.0    1    252    263   3.30 
17:35:25   0.1   0.0   0.1  99.8   0.0    1    247    270   3.26 
17:35:26   0.1   0.0   0.1  99.8   0.0    1    306    350   3.23 
17:35:27   0.1   0.0   0.1  99.8   0.0    1    267    290   3.20 
17:35:28   0.0   0.0   0.1  99.9   0.0    1    250    290   3.17 
17:35:29   0.1   0.0   0.1  99.8   0.0    1    258    270   3.14 
17:35:30   0.1   0.0   0.0  99.9   0.0    1    276    304   3.12 
17:35:31   0.1   0.0   0.0  99.9   0.0    1    277    293   3.09 
17:35:32   0.1   0.0   0.1  99.8   0.0    1    352    448   3.08 
17:35:33   0.1   0.0   0.1  99.8   0.0    1    294    303   3.06 
17:35:34   0.1   0.0   0.0  99.9   0.0    1    290    364   3.03 
17:35:35   0.1   0.0   0.1  99.8   0.0    1    255    274   3.01 
17:35:36   0.1   0.0   0.0  99.9   0.0    1    259    285   2.99 
17:35:37   0.0   0.0   0.1  99.9   0.0    1    272    291   2.97 
17:35:38   0.2   0.0   0.1  99.7   0.0    1    306    357   2.95 
17:35:39   0.0   0.0   0.0 100.0   0.0    1    246    262   2.94 
17:35:40   0.1   0.0   0.1  99.8   0.0    1    304    297   2.92 
^C-------- ----- ----- ----- ----- ----- ---- ------ ------ ------ 
 Average   0.3   0.0   0.3  99.3   0.0  1.4 1407.3 2930.2   3.59 
 GeoMean   0.0   0.0   0.0  99.3   0.0  1.2  730.4 1049.6   3.55 
  StdDev   0.3   0.0   0.4   0.7   0.0  0.9 1396.2 3278.6   0.58 
-------- ----- ----- ----- ----- ----- ---- ------ ------ ------ 
 Minimum   0.0   0.0   0.0  98.1   0.0  1.0  240.0  262.0   2.91 
 Maximum   0.9   0.0   0.9 100.0   0.3  6.0 3334.0 7453.0   4.61 
-------- ----- ----- ----- ----- ----- ---- ------ ------ ------ 
Summary:
System:   3.59 Watts on average with standard deviation 0.58  

C-State    Resident      Count Latency 
C3          97.810%     216296     350
C2           0.614%      11727      18
C1           0.189%       7784       1
POLL         0.000%         22       0
C0           1.387%

Histogram (of 89 power measurements)

Range (Watts) Count
2.910 - 3.078    27 ########################################
3.079 - 3.248     8 ###########
3.249 - 3.418     7 ##########
3.419 - 3.587     8 ###########
3.588 - 3.757     4 #####
3.758 - 3.926     4 #####
3.927 - 4.096     6 ########
4.097 - 4.266     7 ##########
4.267 - 4.435     9 #############
4.436 - 4.605     9 #############

Histogram (of 89 CPU utilization measurements)

Range (%CPU)  Count
0.000 - 0.184    47 ########################################
0.185 - 0.369     6 #####
0.370 - 0.554     1 
0.555 - 0.739     0 
0.740 - 0.924     1 
0.925 - 1.109     0 
1.110 - 1.294     0 
1.295 - 1.479     6 #####
1.480 - 1.664    21 #############
