❯ powerstat -d 30 -c -H 1 480
Running for 480.0 seconds (480 samples at 1.0 second intervals).
Power measurements will start in 30 seconds time.

  Time    User  Nice   Sys  Idle    IO  Run Ctxt/s  IRQ/s  Watts               
17:40:39   0.1   0.0   0.2  99.8   0.0    2    356    377   2.85 
17:40:40   0.1   0.0   0.1  99.8   0.0    1    293    288   2.85 
17:40:41   0.1   0.0   0.3  99.3   0.3    2   1020    915   2.85 
17:40:42   0.1   0.0   0.3  99.3   0.3    1   1288    939   2.89 
17:40:43   0.1   0.0   0.1  99.8   0.0    1    366    341   2.89 
17:40:44   0.1   0.0   0.0  99.9   0.0    1    251    252   2.88 
17:40:45   0.0   0.0   0.1  99.9   0.0    1    268    298   2.88 
17:40:46   0.1   0.0   0.0  99.9   0.0    1    217    250   2.88 
17:40:47   0.0   0.0   0.0 100.0   0.0    2    269    281   2.88 
17:40:48   0.1   0.0   0.1  99.8   0.0    1    260    270   2.88 
17:40:49   0.0   0.0   0.1  99.9   0.0    1    456    457   2.88 
17:40:50   0.1   0.0   0.1  99.8   0.0    1    313    380   2.88 
17:40:51   0.1   0.0   0.0  99.9   0.0    1    265    248   2.88 
17:40:52   0.1   0.0   0.1  99.8   0.0    1    263    266   2.86 
17:40:53   0.0   0.0   0.0 100.0   0.0    1    248    273   2.86 
17:40:54   0.1   0.0   0.1  99.8   0.0    1    238    272   2.86 
17:40:55   0.0   0.0   0.0 100.0   0.0    1    241    239   2.86 
17:40:56   0.1   0.0   0.0  99.9   0.0    1    246    244   2.85 
17:40:57   0.1   0.0   0.1  99.8   0.0    1    382    379   2.85 
17:40:58   0.0   0.0   0.0 100.0   0.0    1    227    251   2.85 
17:40:59   0.1   0.0   0.1  99.8   0.0    1    246    267   2.85 
17:41:00   0.5   0.0   0.6  98.9   0.0    1   2335   5176   2.85 
17:41:01   0.8   0.0   0.8  98.2   0.1    1   3261   7166   3.00 
17:41:02   0.8   0.0   0.9  98.2   0.0    2   3216   7352   3.14 
17:41:03   0.8   0.0   0.8  98.5   0.0    1   3166   7135   3.23 
17:41:04   0.8   0.0   0.9  98.3   0.0    2   3186   7236   3.34 
17:41:05   1.0   0.0   0.8  98.1   0.0    2   3266   7112   3.34 
17:41:06   0.8   0.0   0.8  98.5   0.0    4   3098   7188   3.50 
17:41:07   0.8   0.0   0.7  98.6   0.0    3   3095   7243   3.58 
17:41:08   0.8   0.0   0.9  98.2   0.0    1   3169   7356   3.58 
17:41:09   0.8   0.0   0.8  98.4   0.0    1   3110   7092   3.73 
17:41:10   0.8   0.0   0.8  98.4   0.0    5   3180   7045   3.79 
17:41:11   0.8   0.0   0.7  98.6   0.0    1   3152   7171   3.86 
17:41:12   0.8   0.0   0.7  98.5   0.0    1   3166   7077   3.86 
17:41:13   0.6   0.0   1.0  98.3   0.1    1   3349   7334   4.01 
17:41:14   0.7   0.0   0.8  98.6   0.0    7   3099   7073   4.09 
17:41:15   0.8   0.0   0.8  98.5   0.0    1   3016   7104   4.09 
17:41:16   0.8   0.0   0.8  98.5   0.0    3   3054   6918   4.18 
17:41:17   0.7   0.0   0.8  98.5   0.0    2   3173   6955   4.23 
17:41:18   0.8   0.0   0.8  98.5   0.0    2   3098   7115   4.23 
17:41:19   0.7   0.0   0.8  98.5   0.0    2   3128   7119   4.29 
17:41:20   0.7   0.0   0.8  98.5   0.0    1   3111   6837   4.32 
17:41:21   0.8   0.0   0.8  98.3   0.0    1   3199   6872   4.36 
17:41:22   0.9   0.0   0.9  98.1   0.0    2   3127   7059   4.36 
17:41:23   0.8   0.0   0.9  98.3   0.0    1   3097   7111   4.39 
17:41:24   0.8   0.0   0.9  98.2   0.0    1   3161   7013   4.41 
17:41:25   0.7   0.0   0.7  98.6   0.0    1   3128   7312   4.41 
17:41:26   0.6   0.0   0.9  98.5   0.0    1   2967   6975   4.47 
  Time    User  Nice   Sys  Idle    IO  Run Ctxt/s  IRQ/s  Watts
17:41:27   0.8   0.0   0.7  98.5   0.0    1   3156   7034   4.50 
17:41:28   0.8   0.0   0.8  98.3   0.0    6   3081   7258   4.53 
17:41:29   0.8   0.0   0.8  98.3   0.0    1   3182   7234   4.53 
17:41:30   0.7   0.0   1.0  98.3   0.0    1   3087   7057   4.56 
17:41:31   0.8   0.0   0.6  98.6   0.0    1   3126   6909   4.57 
17:41:32   0.8   0.0   0.9  98.3   0.0    1   3222   7069   4.59 
17:41:33   0.8   0.0   0.9  98.2   0.0    1   3216   7221   4.60 
17:41:34   0.8   0.0   0.8  98.4   0.0    1   3144   7005   4.60 
17:41:35   0.8   0.0   0.8  98.5   0.0    1   3142   6983   4.60 
17:41:36   0.8   0.0   0.7  98.5   0.0    1   3146   7240   4.63 
17:41:37   0.8   0.0   0.8  98.3   0.0    2   3187   6869   4.66 
17:41:38   0.8   0.0   0.8  98.4   0.0    2   3156   7307   4.68 
17:41:39   0.9   0.0   0.8  98.3   0.0    2   3237   7266   4.71 
17:41:40   0.8   0.0   0.8  98.4   0.0    1   3185   7106   4.71 
17:41:41   0.6   0.0   0.8  98.6   0.0    1   3126   6961   4.75 
17:41:42   0.8   0.0   0.7  98.5   0.0    1   3176   7217   4.75 
17:41:43   0.8   0.0   0.8  98.4   0.0    3   3221   7065   4.75 
17:41:44   0.8   0.0   0.8  98.5   0.0    1   2932   6768   4.75 
17:41:45   0.1   0.0   0.1  99.8   0.0    1    337    481   4.69 
17:41:46   0.1   0.0   0.1  99.8   0.0    1    345    380   4.58 
17:41:47   0.0   0.0   0.0 100.0   0.0    1    287    288   4.48 
17:41:48   0.1   0.0   0.1  99.8   0.0    1    237    221   4.37 
17:41:49   0.0   0.0   0.0 100.0   0.0    1    299    328   4.28 
17:41:50   0.1   0.0   0.1  99.8   0.0    1    278    274   4.28 
17:41:51   0.1   0.0   0.1  99.8   0.0    1    276    295   4.28 
17:41:52   0.0   0.0   0.0 100.0   0.0    1    254    285   4.12 
17:41:53   0.2   0.0   0.1  99.8   0.0    1    372    396   4.03 
17:41:54   0.1   0.0   0.2  99.8   0.0    1    329    356   3.97 
17:41:55   0.0   0.0   0.0 100.0   0.0    1    252    252   3.90 
17:41:56   0.1   0.0   0.0  99.9   0.0    1    263    266   3.77 
17:41:57   0.1   0.0   0.1  99.8   0.0    1    291    306   3.72 
17:41:58   0.1   0.0   0.0  99.9   0.0    1    273    288   3.68 
17:41:59   0.0   0.0   0.1  99.9   0.0    1    267    291   3.68 
17:42:00   0.2   0.0   0.0  99.8   0.0    1    279    322   3.59 
17:42:01   0.2   0.0   0.1  99.7   0.0    1    451    444   3.54 
17:42:02   0.1   0.0   0.1  99.8   0.0    1    299    316   3.51 
17:42:03   0.1   0.0   0.0  99.9   0.0    1    260    269   3.48 
17:42:04   0.1   0.0   0.1  99.8   0.0    1    261    262   3.44 
17:42:05   0.1   0.0   0.1  99.8   0.0    1    334    343   3.44 
17:42:06   0.0   0.0   0.0 100.0   0.0    1    253    258   3.38 
17:42:07   0.1   0.0   0.2  99.7   0.0    1    364    369   3.38 
17:42:08   0.1   0.0   0.1  99.8   0.0    1    254    265   3.33 
17:42:09   0.2   0.0   0.0  99.8   0.0    1    391    405   3.30 
17:42:10   0.0   0.0   0.1  99.9   0.0    1    245    260   3.30 
17:42:11   0.1   0.0   0.1  99.8   0.0    1    270    284   3.25 
17:42:12   0.3   0.0   0.2  99.6   0.0    1    439    442   3.24 
17:42:13   0.0   0.0   0.0 100.0   0.0    1    303    314   3.24 
17:42:14   0.1   0.0   0.0  99.9   0.0    1    250    279   3.22 
  Time    User  Nice   Sys  Idle    IO  Run Ctxt/s  IRQ/s  Watts
17:42:15   0.1   0.0   0.1  99.8   0.0    1    284    307   3.22 
17:42:16   0.0   0.0   0.1  99.9   0.0    1    246    256   3.18 
17:42:17   0.2   0.0   0.1  99.7   0.0    1    391    427   3.15 
17:42:18   0.1   0.0   0.1  99.8   0.0    1    251    263   3.15 
17:42:19   0.1   0.0   0.0  99.9   0.0    1    273    305   3.12 
17:42:20   0.0   0.0   0.1  99.9   0.0    1    346    332   3.10 
17:42:21   0.1   0.0   0.1  99.8   0.0    1    284    312   3.09 
17:42:22   0.1   0.0   0.0  99.9   0.0    1    272    288   3.07 
17:42:23   0.1   0.0   0.1  99.7   0.1    1    350    387   3.07 
17:42:24   0.1   0.0   0.2  99.8   0.0    1    265    295   3.07 
17:42:25   0.1   0.0   0.0  99.9   0.0    1    376    385   3.06 
17:42:26   0.1   0.0   0.0  99.9   0.0    1    246    252   3.04 
17:42:27   0.1   0.0   0.2  99.7   0.0    1    273    297   3.03 
17:42:28   0.1   0.0   0.0  99.9   0.0    1    261    295   3.03 
17:42:29   0.1   0.0   0.1  99.8   0.0    1    369    405   3.01 
17:42:30   0.1   0.0   0.1  99.8   0.0    1    255    270   3.00 
17:42:31   0.1   0.0   0.1  99.8   0.0    2    273    302   3.00 
17:42:32   0.1   0.0   0.0  99.9   0.0    1    260    278   2.98 
17:42:33   0.1   0.0   0.1  99.8   0.0    1    361    367   2.98 
17:42:34   0.0   0.0   0.0 100.0   0.0    1    253    265   2.97 
17:42:35   0.2   0.0   0.1  99.8   0.0    1    326    345   2.97 
^C-------- ----- ----- ----- ----- ----- ---- ------ ------ ------ 
 Average   0.3   0.0   0.4  99.3   0.0  1.3 1399.7 2917.7   3.63 
 GeoMean   0.0   0.0   0.0  99.3   0.0  1.2  741.0 1043.1   3.57 
  StdDev   0.3   0.0   0.4   0.7   0.0  0.9 1375.5 3282.2   0.67 
-------- ----- ----- ----- ----- ----- ---- ------ ------ ------ 
 Minimum   0.0   0.0   0.0  98.1   0.0  1.0  217.0  221.0   2.85 
 Maximum   1.0   0.0   1.0 100.0   0.3  7.0 3349.0 7356.0   4.75 
-------- ----- ----- ----- ----- ----- ---- ------ ------ ------ 
Summary:
System:   3.63 Watts on average with standard deviation 0.67  

C-State    Resident      Count Latency 
C3          97.767%     278603     350
C2           0.540%      13252      18
C1           0.340%      16323       1
POLL         0.000%         30       0
C0           1.353%

Histogram (of 117 power measurements)

Range (Watts) Count
2.846 - 3.036    32 ########################################
3.037 - 3.226    14 #################
3.227 - 3.417    11 #############
3.418 - 3.608     9 ###########
3.609 - 3.798     6 #######
3.799 - 3.989     4 #####
3.990 - 4.180     5 ######
4.181 - 4.371    10 ############
4.372 - 4.561    10 ############
4.562 - 4.752    16 ####################

Histogram (of 117 CPU utilization measurements)

Range (%CPU)  Count
0.000 - 0.184    59 ########################################
0.185 - 0.370    10 ######
0.371 - 0.555     1 
0.556 - 0.740     2 #
0.741 - 0.926     0 
0.927 - 1.111     1 
1.112 - 1.296     0 
1.297 - 1.482     6 ####
1.483 - 1.667    21 ##############
1.668 - 1.852    17 ###########
